k method num_movies num_users base test MAE RMSE Recall time matched_only
5 0 1682 1000 u1.base u1.test 0.857943 1.08676 0.9984 1.829 1
5 0 1682 1000 u1.base u1.test 0.857943 1.08676 0.9984 1.834 1
5 0 1682 1000 u1.base u1.test 0.857943 1.08676 0.9984 1.833 1
10 0 1682 1000 u1.base u1.test 0.829032 1.04607 0.9984 1.838 1
10 0 1682 1000 u1.base u1.test 0.829032 1.04607 0.9984 1.848 1
10 0 1682 1000 u1.base u1.test 0.829032 1.04607 0.9984 1.849 1
20 0 1682 1000 u1.base u1.test 0.814544 1.02702 0.9984 1.911 1
20 0 1682 1000 u1.base u1.test 0.814544 1.02702 0.9984 1.911 1
20 0 1682 1000 u1.base u1.test 0.814544 1.02702 0.9984 1.914 1
5 1 1682 1000 u1.base u1.test 0.86896 1.10036 0.9984 1.844 1
5 1 1682 1000 u1.base u1.test 0.86896 1.10036 0.9984 1.847 1
5 1 1682 1000 u1.base u1.test 0.86896 1.10036 0.9984 1.856 1
10 1 1682 1000 u1.base u1.test 0.834761 1.05509 0.9984 1.910 1
10 1 1682 1000 u1.base u1.test 0.834761 1.05509 0.9984 1.912 1
10 1 1682 1000 u1.base u1.test 0.834761 1.05509 0.9984 1.913 1
20 1 1682 1000 u1.base u1.test 0.820233 1.03296 0.9984 1.914 1
20 1 1682 1000 u1.base u1.test 0.820233 1.03296 0.9984 1.923 1
20 1 1682 1000 u1.base u1.test 0.820233 1.03296 0.9984 1.924 1
5 2 1682 1000 u1.base u1.test 0.859856 1.08933 0.9984 1.835 1
5 2 1682 1000 u1.base u1.test 0.859856 1.08933 0.9984 1.840 1
5 2 1682 1000 u1.base u1.test 0.859856 1.08933 0.9984 1.843 1
10 2 1682 1000 u1.base u1.test 0.828025 1.04533 0.9984 1.880 1
10 2 1682 1000 u1.base u1.test 0.828025 1.04533 0.9984 1.884 1
10 2 1682 1000 u1.base u1.test 0.828025 1.04533 0.9984 1.886 1
20 2 1682 1000 u1.base u1.test 0.813893 1.02511 0.9984 1.899 1
20 2 1682 1000 u1.base u1.test 0.813893 1.02511 0.9984 1.905 1
20 2 1682 1000 u1.base u1.test 0.813893 1.02511 0.9984 1.907 1
5 3 1682 1000 u1.base u1.test 0.860587 1.09072 0.9984 1.845 1
5 3 1682 1000 u1.base u1.test 0.860587 1.09072 0.9984 1.847 1
5 3 1682 1000 u1.base u1.test 0.860587 1.09072 0.9984 1.893 1
10 3 1682 1000 u1.base u1.test 0.829538 1.04746 0.9984 1.824 1
10 3 1682 1000 u1.base u1.test 0.829538 1.04746 0.9984 1.838 1
10 3 1682 1000 u1.base u1.test 0.829538 1.04746 0.9984 1.843 1
20 3 1682 1000 u1.base u1.test 0.814905 1.02766 0.9984 1.908 1
20 3 1682 1000 u1.base u1.test 0.814905 1.02766 0.9984 1.914 1
20 3 1682 1000 u1.base u1.test 0.814905 1.02766 0.9984 1.917 1
5 0 1682 1000 u2.base u2.test 0.850826 1.08306 0.9982 2.071 1
5 0 1682 1000 u2.base u2.test 0.850826 1.08306 0.9982 2.085 1
5 0 1682 1000 u2.base u2.test 0.850826 1.08306 0.9982 2.085 1
10 0 1682 1000 u2.base u2.test 0.822257 1.04388 0.9982 2.102 1
10 0 1682 1000 u2.base u2.test 0.822257 1.04388 0.9982 2.115 1
10 0 1682 1000 u2.base u2.test 0.822257 1.04388 0.9982 2.123 1
20 0 1682 1000 u2.base u2.test 0.809332 1.02715 0.9982 2.125 1
20 0 1682 1000 u2.base u2.test 0.809332 1.02715 0.9982 2.125 1
20 0 1682 1000 u2.base u2.test 0.809332 1.02715 0.9982 2.131 1
5 1 1682 1000 u2.base u2.test 0.863739 1.09707 0.9982 2.065 1
5 1 1682 1000 u2.base u2.test 0.863739 1.09707 0.9982 2.067 1
5 1 1682 1000 u2.base u2.test 0.863739 1.09707 0.9982 2.074 1
10 1 1682 1000 u2.base u2.test 0.830653 1.05164 0.9982 2.096 1
10 1 1682 1000 u2.base u2.test 0.830653 1.05164 0.9982 2.096 1
10 1 1682 1000 u2.base u2.test 0.830653 1.05164 0.9982 2.096 1
20 1 1682 1000 u2.base u2.test 0.816045 1.03053 0.9982 2.094 1
20 1 1682 1000 u2.base u2.test 0.816045 1.03053 0.9982 2.099 1
20 1 1682 1000 u2.base u2.test 0.816045 1.03053 0.9982 2.106 1
5 2 1682 1000 u2.base u2.test 0.852318 1.08402 0.9982 2.020 1
5 2 1682 1000 u2.base u2.test 0.852318 1.08402 0.9982 2.029 1
5 2 1682 1000 u2.base u2.test 0.852318 1.08402 0.9982 2.036 1
10 2 1682 1000 u2.base u2.test 0.820915 1.03914 0.9982 2.039 1
10 2 1682 1000 u2.base u2.test 0.820915 1.03914 0.9982 2.046 1
10 2 1682 1000 u2.base u2.test 0.820915 1.03914 0.9982 2.069 1
20 2 1682 1000 u2.base u2.test 0.807747 1.02151 0.9982 2.093 1
20 2 1682 1000 u2.base u2.test 0.807747 1.02151 0.9982 2.098 1
20 2 1682 1000 u2.base u2.test 0.807747 1.02151 0.9982 2.098 1
5 3 1682 1000 u2.base u2.test 0.85301 1.0862 0.9982 2.047 1
5 3 1682 1000 u2.base u2.test 0.85301 1.0862 0.9982 2.077 1
5 3 1682 1000 u2.base u2.test 0.85301 1.0862 0.9982 2.077 1
10 3 1682 1000 u2.base u2.test 0.822979 1.04466 0.9982 1.999 1
10 3 1682 1000 u2.base u2.test 0.822979 1.04466 0.9982 1.999 1
10 3 1682 1000 u2.base u2.test 0.822979 1.04466 0.9982 1.999 1
20 3 1682 1000 u2.base u2.test 0.809493 1.02729 0.9982 2.074 1
20 3 1682 1000 u2.base u2.test 0.809493 1.02729 0.9982 2.077 1
20 3 1682 1000 u2.base u2.test 0.809493 1.02729 0.9982 2.083 1
5 0 1682 1000 u3.base u3.test 0.849625 1.07931 0.9982 2.318 1
5 0 1682 1000 u3.base u3.test 0.849625 1.07931 0.9982 2.339 1
5 0 1682 1000 u3.base u3.test 0.849625 1.07931 0.9982 2.340 1
10 0 1682 1000 u3.base u3.test 0.820627 1.04042 0.9982 2.319 1
10 0 1682 1000 u3.base u3.test 0.820627 1.04042 0.9982 2.330 1
10 0 1682 1000 u3.base u3.test 0.820627 1.04042 0.9982 2.338 1
20 0 1682 1000 u3.base u3.test 0.805686 1.02126 0.9982 2.375 1
20 0 1682 1000 u3.base u3.test 0.805686 1.02126 0.9982 2.391 1
20 0 1682 1000 u3.base u3.test 0.805686 1.02126 0.9982 2.397 1
5 1 1682 1000 u3.base u3.test 0.859974 1.08866 0.9982 2.304 1
5 1 1682 1000 u3.base u3.test 0.859974 1.08866 0.9982 2.308 1
5 1 1682 1000 u3.base u3.test 0.859974 1.08866 0.9982 2.321 1
10 1 1682 1000 u3.base u3.test 0.82526 1.0434 0.9982 2.312 1
10 1 1682 1000 u3.base u3.test 0.82526 1.0434 0.9982 2.329 1
10 1 1682 1000 u3.base u3.test 0.82526 1.0434 0.9982 2.330 1
20 1 1682 1000 u3.base u3.test 0.808894 1.02177 0.9982 2.289 1
20 1 1682 1000 u3.base u3.test 0.808894 1.02177 0.9982 2.302 1
20 1 1682 1000 u3.base u3.test 0.808894 1.02177 0.9982 2.303 1
5 2 1682 1000 u3.base u3.test 0.849836 1.07822 0.9982 2.245 1
5 2 1682 1000 u3.base u3.test 0.849836 1.07822 0.9982 2.252 1
5 2 1682 1000 u3.base u3.test 0.849836 1.07822 0.9982 2.261 1
10 2 1682 1000 u3.base u3.test 0.816735 1.03365 0.9982 2.286 1
10 2 1682 1000 u3.base u3.test 0.816735 1.03365 0.9982 2.296 1
10 2 1682 1000 u3.base u3.test 0.816735 1.03365 0.9982 2.309 1
20 2 1682 1000 u3.base u3.test 0.8024 1.01394 0.9982 2.270 1
20 2 1682 1000 u3.base u3.test 0.8024 1.01394 0.9982 2.303 1
20 2 1682 1000 u3.base u3.test 0.8024 1.01394 0.9982 2.313 1
5 3 1682 1000 u3.base u3.test 0.851869 1.08236 0.9982 2.285 1
5 3 1682 1000 u3.base u3.test 0.851869 1.08236 0.9982 2.285 1
5 3 1682 1000 u3.base u3.test 0.851869 1.08236 0.9982 2.290 1
10 3 1682 1000 u3.base u3.test 0.821323 1.04228 0.9982 2.284 1
10 3 1682 1000 u3.base u3.test 0.821323 1.04228 0.9982 2.293 1
10 3 1682 1000 u3.base u3.test 0.821323 1.04228 0.9982 2.301 1
20 3 1682 1000 u3.base u3.test 0.80615 1.02216 0.9982 2.280 1
20 3 1682 1000 u3.base u3.test 0.80615 1.02216 0.9982 2.295 1
20 3 1682 1000 u3.base u3.test 0.80615 1.02216 0.9982 2.298 1
5 0 1682 1000 u4.base u4.test 0.857521 1.08401 0.99865 2.310 1
5 0 1682 1000 u4.base u4.test 0.857521 1.08401 0.99865 2.325 1
5 0 1682 1000 u4.base u4.test 0.857521 1.08401 0.99865 2.325 1
10 0 1682 1000 u4.base u4.test 0.82384 1.03871 0.99865 2.302 1
10 0 1682 1000 u4.base u4.test 0.82384 1.03871 0.99865 2.317 1
10 0 1682 1000 u4.base u4.test 0.82384 1.03871 0.99865 2.321 1
20 0 1682 1000 u4.base u4.test 0.805854 1.0178 0.99865 2.366 1
20 0 1682 1000 u4.base u4.test 0.805854 1.0178 0.99865 2.372 1
20 0 1682 1000 u4.base u4.test 0.805854 1.0178 0.99865 2.381 1
5 1 1682 1000 u4.base u4.test 0.859894 1.08714 0.99865 2.294 1
5 1 1682 1000 u4.base u4.test 0.859894 1.08714 0.99865 2.317 1
5 1 1682 1000 u4.base u4.test 0.859894 1.08714 0.99865 2.332 1
10 1 1682 1000 u4.base u4.test 0.825222 1.04114 0.99865 2.309 1
10 1 1682 1000 u4.base u4.test 0.825222 1.04114 0.99865 2.316 1
10 1 1682 1000 u4.base u4.test 0.825222 1.04114 0.99865 2.319 1
20 1 1682 1000 u4.base u4.test 0.809264 1.01951 0.99865 2.368 1
20 1 1682 1000 u4.base u4.test 0.809264 1.01951 0.99865 2.372 1
20 1 1682 1000 u4.base u4.test 0.809264 1.01951 0.99865 2.381 1
5 2 1682 1000 u4.base u4.test 0.84974 1.0744 0.99865 2.296 1
5 2 1682 1000 u4.base u4.test 0.84974 1.0744 0.99865 2.297 1
5 2 1682 1000 u4.base u4.test 0.84974 1.0744 0.99865 2.326 1
10 2 1682 1000 u4.base u4.test 0.815894 1.02996 0.99865 2.281 1
10 2 1682 1000 u4.base u4.test 0.815894 1.02996 0.99865 2.294 1
10 2 1682 1000 u4.base u4.test 0.815894 1.02996 0.99865 2.306 1
20 2 1682 1000 u4.base u4.test 0.799796 1.00871 0.99865 2.337 1
20 2 1682 1000 u4.base u4.test 0.799796 1.00871 0.99865 2.339 1
20 2 1682 1000 u4.base u4.test 0.799796 1.00871 0.99865 2.352 1
5 3 1682 1000 u4.base u4.test 0.858743 1.08557 0.99865 2.328 1
5 3 1682 1000 u4.base u4.test 0.858743 1.08557 0.99865 2.331 1
5 3 1682 1000 u4.base u4.test 0.858743 1.08557 0.99865 2.333 1
10 3 1682 1000 u4.base u4.test 0.823815 1.03937 0.99865 2.334 1
10 3 1682 1000 u4.base u4.test 0.823815 1.03937 0.99865 2.346 1
10 3 1682 1000 u4.base u4.test 0.823815 1.03937 0.99865 2.347 1
20 3 1682 1000 u4.base u4.test 0.805879 1.01795 0.99865 2.368 1
20 3 1682 1000 u4.base u4.test 0.805879 1.01795 0.99865 2.374 1
20 3 1682 1000 u4.base u4.test 0.805879 1.01795 0.99865 2.378 1
5 0 1682 1000 u5.base u5.test 0.859814 1.08758 0.9982 2.369 1
5 0 1682 1000 u5.base u5.test 0.859814 1.08758 0.9982 2.369 1
5 0 1682 1000 u5.base u5.test 0.859814 1.08758 0.9982 2.370 1
10 0 1682 1000 u5.base u5.test 0.829712 1.0473 0.9982 2.434 1
10 0 1682 1000 u5.base u5.test 0.829712 1.0473 0.9982 2.447 1
10 0 1682 1000 u5.base u5.test 0.829712 1.0473 0.9982 2.450 1
20 0 1682 1000 u5.base u5.test 0.812966 1.02616 0.9982 2.479 1
20 0 1682 1000 u5.base u5.test 0.812966 1.02616 0.9982 2.481 1
20 0 1682 1000 u5.base u5.test 0.812966 1.02616 0.9982 2.483 1
5 1 1682 1000 u5.base u5.test 0.867438 1.09406 0.9982 2.449 1
5 1 1682 1000 u5.base u5.test 0.867438 1.09406 0.9982 2.451 1
5 1 1682 1000 u5.base u5.test 0.867438 1.09406 0.9982 2.460 1
10 1 1682 1000 u5.base u5.test 0.831395 1.04751 0.9982 2.379 1
10 1 1682 1000 u5.base u5.test 0.831395 1.04751 0.9982 2.382 1
10 1 1682 1000 u5.base u5.test 0.831395 1.04751 0.9982 2.383 1
20 1 1682 1000 u5.base u5.test 0.814471 1.02515 0.9982 2.384 1
20 1 1682 1000 u5.base u5.test 0.814471 1.02515 0.9982 2.404 1
20 1 1682 1000 u5.base u5.test 0.814471 1.02515 0.9982 2.406 1
5 2 1682 1000 u5.base u5.test 0.858111 1.08502 0.9982 2.394 1
5 2 1682 1000 u5.base u5.test 0.858111 1.08502 0.9982 2.397 1
5 2 1682 1000 u5.base u5.test 0.858111 1.08502 0.9982 2.403 1
10 2 1682 1000 u5.base u5.test 0.824212 1.03828 0.9982 2.530 1
10 2 1682 1000 u5.base u5.test 0.824212 1.03828 0.9982 2.539 1
10 2 1682 1000 u5.base u5.test 0.824212 1.03828 0.9982 2.543 1
20 2 1682 1000 u5.base u5.test 0.8072 1.01621 0.9982 2.460 1
20 2 1682 1000 u5.base u5.test 0.8072 1.01621 0.9982 2.469 1
20 2 1682 1000 u5.base u5.test 0.8072 1.01621 0.9982 2.473 1
5 3 1682 1000 u5.base u5.test 0.863922 1.09167 0.9982 2.351 1
5 3 1682 1000 u5.base u5.test 0.863922 1.09167 0.9982 2.353 1
5 3 1682 1000 u5.base u5.test 0.863922 1.09167 0.9982 2.356 1
10 3 1682 1000 u5.base u5.test 0.831971 1.04938 0.9982 2.317 1
10 3 1682 1000 u5.base u5.test 0.831971 1.04938 0.9982 2.320 1
10 3 1682 1000 u5.base u5.test 0.831971 1.04938 0.9982 2.320 1
20 3 1682 1000 u5.base u5.test 0.813156 1.02648 0.9982 2.316 1
20 3 1682 1000 u5.base u5.test 0.813156 1.02648 0.9982 2.341 1
20 3 1682 1000 u5.base u5.test 0.813156 1.02648 0.9982 2.341 1
