k method num_movies num_users base test MAE RMSE Recall time matched_only
5 0 3952 6040 u1.base u1.test 0.726493 1.01248 0.871976 18.518 0
5 0 3952 6040 u1.base u1.test 0.726493 1.01248 0.871976 18.711 0
5 0 3952 6040 u1.base u1.test 0.726493 1.01248 0.871976 19.394 0
10 0 3952 6040 u1.base u1.test 0.748845 0.995644 0.932694 20.047 0
10 0 3952 6040 u1.base u1.test 0.748845 0.995644 0.932694 20.116 0
10 0 3952 6040 u1.base u1.test 0.748845 0.995644 0.932694 20.172 0
20 0 3952 6040 u1.base u1.test 0.755123 0.979042 0.965317 22.210 0
20 0 3952 6040 u1.base u1.test 0.755123 0.979042 0.965317 22.308 0
20 0 3952 6040 u1.base u1.test 0.755123 0.979042 0.965317 22.395 0
5 1 3952 6040 u1.base u1.test 0.398694 0.767613 0.484436 21.390 0
5 1 3952 6040 u1.base u1.test 0.398694 0.767613 0.484436 21.527 0
5 1 3952 6040 u1.base u1.test 0.398694 0.767613 0.484436 21.567 0
10 1 3952 6040 u1.base u1.test 0.484375 0.83007 0.594418 21.205 0
10 1 3952 6040 u1.base u1.test 0.484375 0.83007 0.594418 21.368 0
10 1 3952 6040 u1.base u1.test 0.484375 0.83007 0.594418 21.548 0
20 1 3952 6040 u1.base u1.test 0.561565 0.881414 0.696432 21.135 0
20 1 3952 6040 u1.base u1.test 0.561565 0.881414 0.696432 21.303 0
20 1 3952 6040 u1.base u1.test 0.561565 0.881414 0.696432 21.422 0
5 2 3952 6040 u1.base u1.test 0.525403 0.915369 0.557626 22.317 0
5 2 3952 6040 u1.base u1.test 0.525403 0.915369 0.557626 22.373 0
5 2 3952 6040 u1.base u1.test 0.525403 0.915369 0.557626 22.547 0
10 2 3952 6040 u1.base u1.test 0.604742 0.955958 0.663744 24.989 0
10 2 3952 6040 u1.base u1.test 0.604742 0.955958 0.663744 25.043 0
10 2 3952 6040 u1.base u1.test 0.604742 0.955958 0.663744 25.059 0
20 2 3952 6040 u1.base u1.test 0.668653 0.981725 0.75823 23.848 0
20 2 3952 6040 u1.base u1.test 0.668653 0.981725 0.75823 23.985 0
20 2 3952 6040 u1.base u1.test 0.668653 0.981725 0.75823 24.026 0
5 3 3952 6040 u1.base u1.test 0.69937 0.996007 0.839078 23.761 0
5 3 3952 6040 u1.base u1.test 0.69937 0.996007 0.839078 23.812 0
5 3 3952 6040 u1.base u1.test 0.69937 0.996007 0.839078 23.851 0
10 3 3952 6040 u1.base u1.test 0.733073 0.989685 0.909943 20.374 0
10 3 3952 6040 u1.base u1.test 0.733073 0.989685 0.909943 20.832 0
10 3 3952 6040 u1.base u1.test 0.733073 0.989685 0.909943 20.949 0
20 3 3952 6040 u1.base u1.test 0.747282 0.977097 0.95264 20.918 0
20 3 3952 6040 u1.base u1.test 0.747282 0.977097 0.95264 20.984 0
20 3 3952 6040 u1.base u1.test 0.747282 0.977097 0.95264 21.040 0
5 0 3952 6040 u2.base u2.test 0.722031 1.00884 0.869582 20.117 0
5 0 3952 6040 u2.base u2.test 0.722031 1.00884 0.869582 20.181 0
5 0 3952 6040 u2.base u2.test 0.722031 1.00884 0.869582 20.206 0
10 0 3952 6040 u2.base u2.test 0.748669 0.997799 0.930924 20.433 0
10 0 3952 6040 u2.base u2.test 0.748669 0.997799 0.930924 20.604 0
10 0 3952 6040 u2.base u2.test 0.748669 0.997799 0.930924 20.935 0
20 0 3952 6040 u2.base u2.test 0.754553 0.98028 0.964042 20.611 0
20 0 3952 6040 u2.base u2.test 0.754553 0.98028 0.964042 20.663 0
20 0 3952 6040 u2.base u2.test 0.754553 0.98028 0.964042 20.773 0
5 1 3952 6040 u2.base u2.test 0.409734 0.776933 0.497393 19.727 0
5 1 3952 6040 u2.base u2.test 0.409734 0.776933 0.497393 19.777 0
5 1 3952 6040 u2.base u2.test 0.409734 0.776933 0.497393 19.797 0
10 1 3952 6040 u2.base u2.test 0.49436 0.837488 0.606951 20.284 0
10 1 3952 6040 u2.base u2.test 0.49436 0.837488 0.606951 20.513 0
10 1 3952 6040 u2.base u2.test 0.49436 0.837488 0.606951 20.520 0
20 1 3952 6040 u2.base u2.test 0.56922 0.885607 0.7068 19.617 0
20 1 3952 6040 u2.base u2.test 0.56922 0.885607 0.7068 19.769 0
20 1 3952 6040 u2.base u2.test 0.56922 0.885607 0.7068 20.143 0
5 2 3952 6040 u2.base u2.test 0.52775 0.90824 0.572743 19.275 0
5 2 3952 6040 u2.base u2.test 0.52775 0.90824 0.572743 19.468 0
5 2 3952 6040 u2.base u2.test 0.52775 0.90824 0.572743 19.562 0
10 2 3952 6040 u2.base u2.test 0.60996 0.951976 0.679646 20.351 0
10 2 3952 6040 u2.base u2.test 0.60996 0.951976 0.679646 20.553 0
10 2 3952 6040 u2.base u2.test 0.60996 0.951976 0.679646 20.656 0
20 2 3952 6040 u2.base u2.test 0.671945 0.978498 0.770552 20.037 0
20 2 3952 6040 u2.base u2.test 0.671945 0.978498 0.770552 20.077 0
20 2 3952 6040 u2.base u2.test 0.671945 0.978498 0.770552 20.081 0
5 3 3952 6040 u2.base u2.test 0.696087 0.993967 0.836663 21.177 0
5 3 3952 6040 u2.base u2.test 0.696087 0.993967 0.836663 21.423 0
5 3 3952 6040 u2.base u2.test 0.696087 0.993967 0.836663 21.530 0
10 3 3952 6040 u2.base u2.test 0.734936 0.994177 0.908929 20.429 0
10 3 3952 6040 u2.base u2.test 0.734936 0.994177 0.908929 20.572 0
10 3 3952 6040 u2.base u2.test 0.734936 0.994177 0.908929 20.578 0
20 3 3952 6040 u2.base u2.test 0.747528 0.980209 0.95073 20.140 0
20 3 3952 6040 u2.base u2.test 0.747528 0.980209 0.95073 20.613 0
20 3 3952 6040 u2.base u2.test 0.747528 0.980209 0.95073 20.746 0
5 0 3952 6040 u3.base u3.test 0.721896 1.00682 0.871741 21.341 0
5 0 3952 6040 u3.base u3.test 0.721896 1.00682 0.871741 21.406 0
5 0 3952 6040 u3.base u3.test 0.721896 1.00682 0.871741 21.697 0
10 0 3952 6040 u3.base u3.test 0.74494 0.991944 0.931694 20.983 0
10 0 3952 6040 u3.base u3.test 0.74494 0.991944 0.931694 21.239 0
10 0 3952 6040 u3.base u3.test 0.74494 0.991944 0.931694 21.268 0
20 0 3952 6040 u3.base u3.test 0.752601 0.977176 0.964192 20.933 0
20 0 3952 6040 u3.base u3.test 0.752601 0.977176 0.964192 21.267 0
20 0 3952 6040 u3.base u3.test 0.752601 0.977176 0.964192 21.736 0
5 1 3952 6040 u3.base u3.test 0.38724 0.75565 0.470813 20.901 0
5 1 3952 6040 u3.base u3.test 0.38724 0.75565 0.470813 21.175 0
5 1 3952 6040 u3.base u3.test 0.38724 0.75565 0.470813 21.652 0
10 1 3952 6040 u3.base u3.test 0.479625 0.826642 0.588014 20.859 0
10 1 3952 6040 u3.base u3.test 0.479625 0.826642 0.588014 21.066 0
10 1 3952 6040 u3.base u3.test 0.479625 0.826642 0.588014 21.370 0
20 1 3952 6040 u3.base u3.test 0.560437 0.880964 0.694033 21.299 0
20 1 3952 6040 u3.base u3.test 0.560437 0.880964 0.694033 21.492 0
20 1 3952 6040 u3.base u3.test 0.560437 0.880964 0.694033 21.578 0
5 2 3952 6040 u3.base u3.test 0.508532 0.889812 0.549857 21.530 0
5 2 3952 6040 u3.base u3.test 0.508532 0.889812 0.549857 21.608 0
5 2 3952 6040 u3.base u3.test 0.508532 0.889812 0.549857 21.706 0
10 2 3952 6040 u3.base u3.test 0.595222 0.940756 0.663204 20.943 0
10 2 3952 6040 u3.base u3.test 0.595222 0.940756 0.663204 20.969 0
10 2 3952 6040 u3.base u3.test 0.595222 0.940756 0.663204 21.307 0
20 2 3952 6040 u3.base u3.test 0.660181 0.96913 0.75809 20.867 0
20 2 3952 6040 u3.base u3.test 0.660181 0.96913 0.75809 21.080 0
20 2 3952 6040 u3.base u3.test 0.660181 0.96913 0.75809 21.220 0
5 3 3952 6040 u3.base u3.test 0.700217 0.997124 0.838628 22.276 0
5 3 3952 6040 u3.base u3.test 0.700217 0.997124 0.838628 22.457 0
5 3 3952 6040 u3.base u3.test 0.700217 0.997124 0.838628 22.641 0
10 3 3952 6040 u3.base u3.test 0.730946 0.987805 0.910198 21.979 0
10 3 3952 6040 u3.base u3.test 0.730946 0.987805 0.910198 22.058 0
10 3 3952 6040 u3.base u3.test 0.730946 0.987805 0.910198 22.244 0
20 3 3952 6040 u3.base u3.test 0.744817 0.975677 0.952715 22.115 0
20 3 3952 6040 u3.base u3.test 0.744817 0.975677 0.952715 22.299 0
20 3 3952 6040 u3.base u3.test 0.744817 0.975677 0.952715 22.429 0
5 0 3952 6040 u4.base u4.test 0.731767 1.01256 0.875496 21.044 0
5 0 3952 6040 u4.base u4.test 0.731767 1.01256 0.875496 21.060 0
5 0 3952 6040 u4.base u4.test 0.731767 1.01256 0.875496 21.079 0
10 0 3952 6040 u4.base u4.test 0.750008 0.992421 0.933949 20.432 0
10 0 3952 6040 u4.base u4.test 0.750008 0.992421 0.933949 20.704 0
10 0 3952 6040 u4.base u4.test 0.750008 0.992421 0.933949 20.719 0
20 0 3952 6040 u4.base u4.test 0.756453 0.976509 0.966532 23.471 0
20 0 3952 6040 u4.base u4.test 0.756453 0.976509 0.966532 23.592 0
20 0 3952 6040 u4.base u4.test 0.756453 0.976509 0.966532 23.686 0
5 1 3952 6040 u4.base u4.test 0.399834 0.765094 0.485241 21.839 0
5 1 3952 6040 u4.base u4.test 0.399834 0.765094 0.485241 21.935 0
5 1 3952 6040 u4.base u4.test 0.399834 0.765094 0.485241 21.966 0
10 1 3952 6040 u4.base u4.test 0.481358 0.823814 0.594493 19.965 0
10 1 3952 6040 u4.base u4.test 0.481358 0.823814 0.594493 20.283 0
10 1 3952 6040 u4.base u4.test 0.481358 0.823814 0.594493 20.531 0
20 1 3952 6040 u4.base u4.test 0.558572 0.876492 0.694798 20.630 0
20 1 3952 6040 u4.base u4.test 0.558572 0.876492 0.694798 20.762 0
20 1 3952 6040 u4.base u4.test 0.558572 0.876492 0.694798 20.789 0
5 2 3952 6040 u4.base u4.test 0.545873 0.931044 0.574162 20.155 0
5 2 3952 6040 u4.base u4.test 0.545873 0.931044 0.574162 20.279 0
5 2 3952 6040 u4.base u4.test 0.545873 0.931044 0.574162 20.279 0
10 2 3952 6040 u4.base u4.test 0.616348 0.96191 0.675821 19.784 0
10 2 3952 6040 u4.base u4.test 0.616348 0.96191 0.675821 19.856 0
10 2 3952 6040 u4.base u4.test 0.616348 0.96191 0.675821 19.953 0
20 2 3952 6040 u4.base u4.test 0.673313 0.983736 0.761429 20.277 0
20 2 3952 6040 u4.base u4.test 0.673313 0.983736 0.761429 20.332 0
20 2 3952 6040 u4.base u4.test 0.673313 0.983736 0.761429 20.868 0
5 3 3952 6040 u4.base u4.test 0.7043 0.998359 0.841023 20.198 0
5 3 3952 6040 u4.base u4.test 0.7043 0.998359 0.841023 20.216 0
5 3 3952 6040 u4.base u4.test 0.7043 0.998359 0.841023 20.400 0
10 3 3952 6040 u4.base u4.test 0.735761 0.98893 0.912603 20.944 0
10 3 3952 6040 u4.base u4.test 0.735761 0.98893 0.912603 20.945 0
10 3 3952 6040 u4.base u4.test 0.735761 0.98893 0.912603 20.984 0
20 3 3952 6040 u4.base u4.test 0.749945 0.976659 0.954399 20.739 0
20 3 3952 6040 u4.base u4.test 0.749945 0.976659 0.954399 20.924 0
20 3 3952 6040 u4.base u4.test 0.749945 0.976659 0.954399 21.124 0
5 0 3952 6040 u5.base u5.test 0.717942 1.00475 0.86802 21.279 0
5 0 3952 6040 u5.base u5.test 0.717942 1.00475 0.86802 21.510 0
5 0 3952 6040 u5.base u5.test 0.717942 1.00475 0.86802 21.741 0
10 0 3952 6040 u5.base u5.test 0.746145 0.995609 0.930626 21.061 0
10 0 3952 6040 u5.base u5.test 0.746145 0.995609 0.930626 21.435 0
10 0 3952 6040 u5.base u5.test 0.746145 0.995609 0.930626 21.654 0
20 0 3952 6040 u5.base u5.test 0.7547 0.981218 0.964708 23.897 0
20 0 3952 6040 u5.base u5.test 0.7547 0.981218 0.964708 23.986 0
20 0 3952 6040 u5.base u5.test 0.7547 0.981218 0.964708 24.037 0
5 1 3952 6040 u5.base u5.test 0.361858 0.730082 0.442945 23.956 0
5 1 3952 6040 u5.base u5.test 0.361858 0.730082 0.442945 23.956 0
5 1 3952 6040 u5.base u5.test 0.361858 0.730082 0.442945 23.963 0
10 1 3952 6040 u5.base u5.test 0.448754 0.802103 0.552246 23.737 0
10 1 3952 6040 u5.base u5.test 0.448754 0.802103 0.552246 23.760 0
10 1 3952 6040 u5.base u5.test 0.448754 0.802103 0.552246 23.908 0
20 1 3952 6040 u5.base u5.test 0.53388 0.865363 0.659877 21.357 0
20 1 3952 6040 u5.base u5.test 0.53388 0.865363 0.659877 21.374 0
20 1 3952 6040 u5.base u5.test 0.53388 0.865363 0.659877 21.580 0
5 2 3952 6040 u5.base u5.test 0.481769 0.87655 0.514574 21.231 0
5 2 3952 6040 u5.base u5.test 0.481769 0.87655 0.514574 21.311 0
5 2 3952 6040 u5.base u5.test 0.481769 0.87655 0.514574 21.465 0
10 2 3952 6040 u5.base u5.test 0.568728 0.927702 0.626939 21.618 0
10 2 3952 6040 u5.base u5.test 0.568728 0.927702 0.626939 21.801 0
10 2 3952 6040 u5.base u5.test 0.568728 0.927702 0.626939 21.816 0
20 2 3952 6040 u5.base u5.test 0.636998 0.95949 0.723777 21.528 0
20 2 3952 6040 u5.base u5.test 0.636998 0.95949 0.723777 21.596 0
20 2 3952 6040 u5.base u5.test 0.636998 0.95949 0.723777 21.804 0
5 3 3952 6040 u5.base u5.test 0.69179 0.989814 0.835112 26.446 0
5 3 3952 6040 u5.base u5.test 0.69179 0.989814 0.835112 26.508 0
5 3 3952 6040 u5.base u5.test 0.69179 0.989814 0.835112 26.529 0
10 3 3952 6040 u5.base u5.test 0.731259 0.990445 0.908476 22.053 0
10 3 3952 6040 u5.base u5.test 0.731259 0.990445 0.908476 22.277 0
10 3 3952 6040 u5.base u5.test 0.731259 0.990445 0.908476 22.293 0
20 3 3952 6040 u5.base u5.test 0.746876 0.97984 0.951706 22.306 0
20 3 3952 6040 u5.base u5.test 0.746876 0.97984 0.951706 22.313 0
20 3 3952 6040 u5.base u5.test 0.746876 0.97984 0.951706 22.388 0
